60 60
000000000000000000000000000000000000000000000000000000000000
000000000000000000000000000000000000000000000000000000000000
000000111111011000001101111110000011111101100000110111111000
000000111111011000001101111110000011111101100000110111111000
000000000000011000001100000000000000000001100000110000000000
000000110000011000001100000110000011000001100000110000011000
000000110000011000001100000110000011000001100000110000011000
000000110000011000001100000110000011000001100000110000011000
000000110000000000000000000110000011000000000000000000011000
000000110111111000001111110110000011011111100000111111011000
000000110111111000001111110110000011011111100000111111011000
000000000000000000000000000000000000000000000000000000000000
000000000000000000000000000000000000000000000000000000000000
000000000000000000000000000000000000000000000000000000000000
000000000000000000000000000000000000000000000000000000000000
000000000000000000000000000000000000000000000000000000000000
000000111111011000001101111110000011111101100000110111111000
000000111111011000001101111110000011111101100000110111111000
000000000000011000001100000000000000000001100000110000000000
000000110000011000001100000110000011000001100000110000011000
000000110000011000001100000110000011000001100000110000011000
000000110000011000001100000110000011000001100000110000011000
000000110000000000000000000110000011000000000000000000011000
000000110111111000001111110110000011011111100000111111011000
000000110111111000001111110110000011011111100000111111011000
000000000000000000000000000000000000000000000000000000000000
000000000000000000000000000000000000000000000000000000000000
000000000000000000000000000000000000000000000000000000000000
000000000000000000000000000000000000000000000000000000000000
000000000000000000000000000000000000000000000000000000000000
000000111111011000001101111110000011111101100000110111111000
000000111111011000001101111110000011111101100000110111111000
000000000000011000001100000000000000000001100000110000000000
000000110000011000001100000110000011000001100000110000011000
000000110000011000001100000110000011000001100000110000011000
000000110000011000001100000110000011000001100000110000011000
000000110000000000000000000110000011000000000000000000011000
000000110111111000001111110110000011011111100000111111011000
000000110111111000001111110110000011011111100000111111011000
000000000000000000000000000000000000000000000000000000000000
000000000000000000000000000000000000000000000000000000000000
000000000000000000000000000000000000000000000000000000000000
000000000000000000000000000000000000000000000000000000000000
000000000000000000000000000000000000000000000000000000000000
000000111111011000001101111110000011111101100000110111111000
000000111111011000001101111110000011111101100000110111111000
000000000000011000001100000000000000000001100000110000000000
000000110000011000001100000110000011000001100000110000011000
000000110000011000001100000110000011000001100000110000011000
000000110000011000001100000110000011000001100000110000011000
000000110000000000000000000110000011000000000000000000011000
000000110111111000001111110110000011011111100000111111011000
000000110111111000001111110110000011011111100000111111011000
000000000000000000000000000000000000000000000000000000000000
000000000000000000000000000000000000000000000000000000000000
000000000000000000000000000000000000000000000000000000000000
000000000000000000000000000000000000000000000000000000000000
000000000000000000000000000000000000000000000000000000000000
000000000000000000000000000000000000000000000000000000000000
000000000000000000000000000000000000000000000000000000000000
